    camera_matrix:
        rows: 3
        cols: 3
        dt: f
        data: [ 655.620393, 0.000000, 427.921437, 
            0.000000, 653.756296, 249.606914, 0.000000, 
            0.000000, 1.000000]
    distortion_coefficients:
        rows: 1
        cols: 5
        dt: f
        data: [ -0.422828, 0.259705, 0.002789, 
            0.002914, -0.106642]
    projection_matrix:
        rows: 3
        cols: 4
        dt: f
        data: [ 0.000000, 0.000000, 0.000000, 
            0.000000, 0.000000, 0.000000, 0.000000, 
            0.000000, 0.000000, 0.000000, 0.000000, 
            0.000000]
