    camera_matrix:
        rows: 3
        cols: 3
        dt: f
        data: [ 642.070403, 0.000000, 184.473718, 
            0.000000, 641.463260, 286.529230, 0.000000, 
            0.000000, 1.000000]
    distortion_coefficients:
        rows: 1
        cols: 5
        dt: f
        data: [ -0.411513, 0.215313, 0.000779, 
            -0.000817, -0.066084]
    projection_matrix:
        rows: 3
        cols: 4
        dt: f
        data: [ 0.000000, 0.000000, 0.000000, 
            0.000000, 0.000000, 0.000000, 0.000000, 
            0.000000, 0.000000, 0.000000, 0.000000, 
            0.000000]
